Euler,!,
0.0,0,
1,1.0,
RK2 Heun,!,
0.0,0,0,
1.0,1.0,0,
2,0.5,0.5,
RK2 MP,!,
0.0,0,0,
0.5,0.5,0,
2,0.0,1.0,
RK2 Ralston,!,
0.0,0,0,
0.6666666666666666,0.6666666666666666,0,
2,0.25,0.75,
RK3,!,
0.0,0,0,0,
0.5,0.5,0,0,
1.0,-1.0,2.0,0,
3,0.16666666666666666,0.6666666666666666,0.16666666666666666,
RK3 Heun,!,
0.0,0,0,0,
0.3333333333333333,0.3333333333333333,0,0,
0.6666666666666666,0.0,0.6666666666666666,0,
3,0.25,0.0,0.75,
RK3 Ralston,!,
0.0,0,0,0,
0.5,0.5,0,0,
0.75,0.0,0.75,0,
3,0.2222222222222222,0.3333333333333333,0.4444444444444444,
SSPRK3,!,
0.0,0,0,0,
1.0,1.0,0,0,
0.5,0.25,0.25,0,
3,0.16666666666666666,0.16666666666666666,0.6666666666666666,
RK4,!,
0.0,0,0,0,0,
0.5,0.5,0,0,0,
0.5,0.0,0.5,0,0,
1.0,0.0,0.0,1.0,0,
4,0.16666666666666666,0.3333333333333333,0.3333333333333333,0.16666666666666666,
DP5,!,
0.0,0,0,0,0,0,0,0,
0.2,0.2,0,0,0,0,0,0,
0.3,0.075,0.225,0,0,0,0,0,
0.8,0.9777777777777777,-3.7333333333333334,3.5555555555555554,0,0,0,0,
0.8888888888888888,2.9525986892242035,-11.595793324188385,9.822892851699436,-0.2908093278463649,0,0,0,
1.0,2.8462752525252526,-10.757575757575758,8.906422717743473,0.2784090909090909,-0.2735313036020583,0,0,
1.0,0.09114583333333333,0.0,0.44923629829290207,0.6510416666666666,-0.322376179245283,0.13095238095238096,0,
5,0.09114583333333333,0.0,0.44923629829290207,0.6510416666666666,-0.322376179245283,0.13095238095238096,0.0,
DP5alt,!,
0.0,0,0,0,0,0,0,0,
0.1,0.1,0,0,0,0,0,0,
0.2222222222222222,-0.024691358024691357,0.24691358024691357,0,0,0,0,0,
0.42857142857142855,0.44825072886297374,-0.7871720116618076,0.7674927113702624,0,0,0,0,
0.6,0.5896363636363636,-0.9818181818181818,0.7125734265734266,0.2796083916083916,0,0,0,
0.8,-0.7135892255892256,1.309090909090909,0.12012834224598931,-0.652013468013468,0.7363834422657952,0,0,
1.0,2.3404882154882154,-3.1818181818181817,-0.7631237540739804,4.482612117227502,-2.8458605664488017,0.9677021696252466,0,
5,0.07601851851851851,0.0,0.27404107205012185,0.19205895244356783,0.10757080610021787,0.29031065088757396,0.06,
CK5,!,
0.0,0,0,0,0,0,0,
0.2,0.2,0,0,0,0,0,
0.3,0.075,0.225,0,0,0,0,
0.6,0.3,-0.9,1.2,0,0,0,
1.0,-0.2037037037037037,2.5,-2.5925925925925926,1.2962962962962963,0,0,
0.875,0.029495804398148147,0.341796875,0.041594328703703706,0.40034541377314814,0.061767578125,0,
5,0.09788359788359788,0.0,0.4025764895330113,0.21043771043771045,0.0,0.2891022021456804,
DP6,!,
0.0,0,0,0,0,0,0,0,0,
0.1,0.1,0,0,0,0,0,0,0,
0.2222222222222222,-0.024691358024691357,0.24691358024691357,0,0,0,0,0,0,
0.42857142857142855,0.44825072886297374,-0.7871720116618076,0.7674927113702624,0,0,0,0,0,
0.6,0.5896363636363636,-0.9818181818181818,0.7125734265734266,0.2796083916083916,0,0,0,0,
0.8,-0.7135892255892256,1.309090909090909,0.12012834224598931,-0.652013468013468,0.7363834422657952,0,0,0,
1.0,2.3404882154882154,-3.1818181818181817,-0.7631237540739804,4.482612117227502,-2.8458605664488017,0.9677021696252466,0,0,
1.0,1.74913946007696,-2.3904220779220777,-0.3962525737836824,3.272858329348714,-2.063516378773732,0.828193241053818,0.0,0,
6,0.07060185185185185,0.0,0.30584941077022526,0.11510382423843962,0.18722766884531591,0.25425295857988167,-0.033035714285714286,0.1,
L6,!,
0.0,0,0,0,0,0,0,0,
1.0,1.0,0,0,0,0,0,0,
0.5,0.375,0.125,0,0,0,0,0,
0.6666666666666666,0.2962962962962963,0.07407407407407407,0.2962962962962963,0,0,0,0,
0.17267316464601143,0.051640768506639186,-0.04933518989886041,0.2960111393931624,-0.1256435533549298,0,0,0,
0.8273268353539885,-1.1854881643947648,-0.2363790958154253,-0.7481756236662596,0.8808545802392703,2.116515138991168,0,0,
1.0,4.50650248872424,0.6666666666666666,6.017339969931307,-4.111704479703632,-7.018914097580199,0.9401094519616178,0,
6,0.05,0.0,0.35555555555555557,0.0,0.2722222222222222,0.2722222222222222,0.05,
DP8,!,
0.0,0,0,0,0,0,0,0,0,0,0,0,0,0,
0.05555555555555555,0.05555555555555555,0,0,0,0,0,0,0,0,0,0,0,0,
0.08333333333333333,0.020833333333333332,0.0625,0,0,0,0,0,0,0,0,0,0,0,
0.125,0.03125,0.0,0.09375,0,0,0,0,0,0,0,0,0,0,
0.3125,0.3125,0.0,-1.171875,1.171875,0,0,0,0,0,0,0,0,0,
0.375,0.0375,0.0,0.0,0.1875,0.15,0,0,0,0,0,0,0,0,
0.1475,0.04791013711111111,0.0,0.0,0.11224871277777777,-0.02550567377777778,0.012846823888888888,0,0,0,0,0,0,0,
0.465,0.01691798978729228,0.0,0.0,0.3878482784860432,0.03597736985150033,0.19697021421566607,-0.17271385234050185,0,0,0,0,0,0,
0.5648654513822595,0.0690957533591923,0.0,0.0,-0.6342479767288541,-0.16119757522460407,0.13865030945882525,0.9409286140357562,0.21163632648194397,0,0,0,0,0,
0.65,0.1835569968390454,0.0,0.0,-2.4687680843155926,-0.29128688781630047,-0.026473020233117376,2.8478387641928005,0.2813873314698498,0.12374489986331466,0,0,0,0,
0.9246562776405044,-1.2154248173958881,0.0,0.0,16.672608665945774,0.915741828416818,-6.056605804357471,-16.00357359415618,14.849303086297663,-13.371575735289849,5.134182648179638,0,0,0,
1.0,0.25886091643826425,0.0,0.0,-4.774485785489205,-0.4350930137770325,-3.0494833320722416,5.5779200399360995,6.15583158986104,-5.062104586736939,2.193926173180679,0.13462799865933495,0,0,
1.0,0.8224275996265075,0.0,0.0,-11.658673257277664,-0.7576221166909362,0.7139735881595816,12.075774986890057,-2.127659113920403,1.9901662070489554,-0.23428647154404028,0.17589857770794226,0.0,0,
8,0.041747491141530244,0.0,0.0,0.0,0.0,-0.05545232861123931,0.2393128072011801,0.703510669403443,-0.7597596138144609,0.6605630309222863,0.15818748251012332,-0.2381095387528628,0.25,
