0.00000000000000e+00 1.45999611225000e-01 1.29285000000000e-01 1.67146112250000e-02 0.00000000000000e+00 0.00000000000000e+00 0.00000000000000e+00 0.00000000000000e+00 0.00000000000000e+00 0.00000000000000e+00 0.00000000000000e+00 
1.00000000000000e-05 1.45999611192465e-01 1.29284999974149e-01 1.67146112183157e-02 6.11561741320131e-16 8.21603740697532e-11 1.00000000003055e-05 0.00000000000000e+00 0.00000000000000e+00 0.00000000000000e+00 0.00000000000000e+00 
2.00000000000000e-05 1.45999611094858e-01 1.29284999896595e-01 1.67146111982627e-02 4.89249392859855e-15 3.28641496239850e-10 2.00000000024457e-05 1.85037170770859e-18 0.00000000000000e+00 0.00000000000000e+00 0.00000000000000e+00 
4.34310314965705e-05 1.45999610611298e-01 1.29284999512382e-01 1.67146110989165e-02 5.01003476818735e-14 1.54975374942484e-09 4.34310315216195e-05 0.00000000000000e+00 2.75726870851009e-25 3.36580652894298e-30 3.61400724161835e-21 
1.53032441555114e-04 1.45999603605540e-01 1.29284993945939e-01 1.67146096596015e-02 2.19174899856587e-12 1.92410788079804e-08 1.53032442650984e-04 2.77555756156289e-18 1.05261490216081e-21 0.00000000000000e+00 4.17056435682757e-18 
3.87242331907462e-04 1.45999562435904e-01 1.29284961234499e-01 1.67146012014058e-02 3.55131095997695e-11 1.23204915575076e-07 3.87242349664009e-04 9.25185853854297e-19 4.90573248618116e-21 3.44658588563762e-27 7.41594285980085e-18 
8.56743860653731e-04 1.45999372411479e-01 1.29284810250080e-01 1.67145621613991e-02 3.84585481722437e-10 6.03065221027380e-07 8.56744052946626e-04 0.00000000000000e+00 3.49824607216026e-20 2.75726870851009e-26 2.41704804319435e-17 
1.68219154846239e-03 1.45998690548479e-01 1.29284268473700e-01 1.67144220747797e-02 2.91115282890009e-09 2.32494569401624e-06 1.68219300404403e-03 9.25185853854297e-19 1.39816905160110e-19 0.00000000000000e+00 5.15212872365112e-17 
3.01656262243415e-03 1.45996650632292e-01 1.29282647649124e-01 1.67140029831677e-02 1.67869602120719e-08 7.47627949902132e-06 3.01657101601193e-03 0.00000000000000e+00 4.35036121709809e-19 0.00000000000000e+00 9.34437712392840e-17 
5.03596578763469e-03 1.45991360087783e-01 1.29278444003751e-01 1.67129160840311e-02 7.81041112521920e-08 2.08364426280475e-05 5.03600484095798e-03 9.25185853854297e-19 1.10769321955602e-18 0.00000000000000e+00 1.51267887105178e-16 
7.93367745444703e-03 1.45979133384360e-01 1.29268729069195e-01 1.67104043151649e-02 3.05370709860795e-07 5.17131066571673e-05 7.93383015210450e-03 0.00000000000000e+00 2.40512181929701e-18 0.00000000000000e+00 2.20194233217323e-16 
1.19234691774782e-02 1.45953361139234e-01 1.29248250803476e-01 1.67051103357581e-02 1.03649127858025e-06 1.16800081401043e-04 1.19239875174397e-02 9.25185853854297e-19 4.70543742858709e-18 1.69406589450860e-22 3.02535774210355e-16 
1.72293466458135e-02 1.45903052702812e-01 1.29208274502817e-01 1.66947781999953e-02 3.12661461666886e-06 2.43864623935699e-04 1.72309105472639e-02 2.77555756156289e-18 8.39895282952104e-18 5.64688631502867e-22 3.90428430326513e-16 
2.40932415949032e-02 1.45810836465559e-01 1.29134990654279e-01 1.66758458112806e-02 8.54651223140516e-06 4.76818065656773e-04 2.40975180273073e-02 9.25185853854297e-19 1.42536445609428e-17 3.16225633641605e-21 4.85722573273506e-16 
3.27676835348643e-02 1.45650573928106e-01 1.29007610389657e-01 1.66429635384495e-02 2.14859210226815e-05 8.81796849306260e-04 3.27784412692213e-02 1.85037170770859e-18 2.37367995629493e-17 1.44560289664734e-20 5.88418203051333e-16 
4.35111876085560e-02 1.45384583603910e-01 1.28796138350030e-01 1.65884452538800e-02 5.02508673968073e-05 1.55430889049405e-03 4.35363739920272e-02 9.25185853854297e-19 3.92625746729417e-17 5.78241158658936e-20 6.86487903559888e-16 
5.66091272867703e-02 1.44959678106496e-01 1.28458175304050e-01 1.65015028024460e-02 1.10468455440349e-04 2.62955055146888e-03 5.66645884609609e-02 6.47630097698008e-18 6.70759744044365e-17 1.95156391047391e-19 7.91959090899278e-16 
7.23514114099147e-02 1.44303657777586e-01 1.27936030004319e-01 1.63676277732661e-02 2.30006520416030e-04 4.29191202236705e-03 7.24671873297354e-02 1.01770443923973e-17 1.20042864537595e-16 5.78241158658936e-19 9.02981393361794e-16 
9.10336305400002e-02 1.43321355013252e-01 1.27153374393579e-01 1.61679806196736e-02 4.56278541615201e-04 6.78625452719903e-03 9.12642000637416e-02 1.57281595155231e-17 2.19731640290396e-16 1.79254759184270e-18 9.88098491916389e-16 
1.13032459340332e-01 1.41885475833137e-01 1.26007568511066e-01 1.58779073220710e-02 8.68204737841825e-04 1.04435858805249e-02 1.13473707016030e-01 3.05311331771918e-17 4.22347342284487e-16 4.97287396446685e-18 1.12132525487141e-15 
1.38640073966418e-01 1.39842365389075e-01 1.24373578388031e-01 1.54687870010437e-02 1.58827491138149e-03 1.56707633926459e-02 1.39453939827325e-01 5.92118946466750e-17 7.94734648460841e-16 1.30682501856919e-17 1.19904086659517e-15 
1.68312576102971e-01 1.36991320217968e-01 1.22086264289743e-01 1.49050559282250e-02 2.80735405271637e-03 2.30109650980295e-02 1.69767881298296e-01 1.11022302462516e-16 1.52285591544417e-15 3.33066907387547e-17 1.31746465588852e-15 
2.01340933110566e-01 1.33235734845324e-01 1.19060364459981e-01 1.41753703853435e-02 4.72726144482640e-03 3.27629339783825e-02 2.03829721427875e-01 1.52193072959032e-16 2.14273043752655e-15 5.64363370851121e-17 1.08801856413265e-15 
2.36782534753669e-01 1.28567184238530e-01 1.15278135674046e-01 1.32890485644839e-02 7.52950385272703e-03 4.50196710822340e-02 2.40825112694057e-01 1.56819002228303e-16 2.26115422681990e-15 6.43004168428736e-17 7.40148683083438e-16 
2.74646467912989e-01 1.22911211126088e-01 1.10664565146929e-01 1.22466459791590e-02 1.14461716288621e-02 6.00728780675594e-02 2.80943186178710e-01 1.58669373936012e-16 2.29816166097407e-15 5.08852219619863e-17 5.32907051820075e-16 
3.15100812532040e-01 1.16190639880830e-01 1.05136876979770e-01 1.10537629010594e-02 1.67345215640267e-02 7.82591577140135e-02 3.24584862820889e-01 1.55431223447522e-16 2.25005199657365e-15 1.66533453693773e-17 3.40468394218381e-16 
3.58519304561501e-01 1.08314156483675e-01 9.85934818252490e-02 9.72067465842570e-03 2.36847294464931e-02 1.00003095827114e-01 3.72436892389192e-01 1.55893816374449e-16 1.95399252334028e-15 2.63677968348475e-16 2.51650552248369e-16 
4.05975584858195e-01 9.90781871336317e-02 9.08283905954687e-02 8.24979653816302e-03 3.27193661211181e-02 1.26117300486397e-01 4.26075287965082e-01 1.71621975889972e-16 8.95579906530960e-16 1.21014309684142e-15 1.18423789293350e-16 
4.60231828708098e-01 8.79523974940026e-02 8.13367333086759e-02 6.61566418532667e-03 4.46701837553143e-02 1.58508179750785e-01 4.89275478920782e-01 2.68303897617746e-16 5.82497013586665e-15 7.05731769320058e-15 2.11682523361863e-15 
5.14488072558001e-01 7.64981353752760e-02 7.14001534610189e-02 5.09798191425706e-03 5.79677207717547e-02 1.92988991747389e-01 5.54621254698105e-01 1.91744768211303e-16 1.25751261255876e-14 1.12891177887301e-14 3.87837909935721e-15 
5.60356806233740e-01 6.67679821552463e-02 6.28214478458033e-02 3.94653430944298e-03 6.98765745275454e-02 2.23243641095381e-01 6.11603567102648e-01 5.78241158658936e-17 3.78956125738720e-15 3.60082334320092e-15 1.24344978758018e-15 
6.07006546972288e-01 5.70057444658520e-02 5.40809908901875e-02 2.92475357566454e-03 8.22133524266008e-02 2.54546770471659e-01 6.71196918559510e-01 1.25825276124184e-16 5.52150917580245e-15 6.32457049694798e-15 2.01320441798695e-15 
6.53656287710836e-01 4.75326123052595e-02 4.54655005637474e-02 2.06711174151211e-03 9.43589437283879e-02 2.85889389327079e-01 7.32398308170975e-01 2.21235067302909e-16 6.69094409507428e-15 9.64783808399261e-15 2.63492931177704e-15 
6.94040401458363e-01 3.96703635992500e-02 3.82103339766434e-02 1.46002962260663e-03 1.04384201555258e-01 3.12669630269933e-01 7.86601013412086e-01 9.36750677027476e-17 2.23524902291198e-15 3.87837909935721e-15 9.47390314346800e-16 
7.34907291929281e-01 3.21135037291446e-02 3.11435810862676e-02 9.69922642876927e-04 1.13767540839791e-01 3.39103744046998e-01 8.42500086590380e-01 1.78618693909745e-16 3.59712259978551e-15 7.24605560738685e-15 1.56911520813689e-15 
7.69848413335504e-01 2.60171784318850e-02 2.53733705012893e-02 6.43807930595697e-04 1.20974044215816e-01 3.60950125023436e-01 8.91031293828027e-01 9.40509244558759e-17 1.68753899743024e-15 3.78586051397178e-15 7.69754630406775e-16 
8.00990453646992e-01 2.08924078301595e-02 2.04732537125798e-02 4.19154117579664e-04 1.26622858884234e-01 3.79691506529091e-01 9.34775918064156e-01 9.70144103940029e-17 1.49510033982854e-15 3.91538653351139e-15 6.80936788436763e-16 
8.27906894353214e-01 1.67095277227236e-02 1.64392778659691e-02 2.70249856754540e-04 1.30831998715024e-01 3.95253074454434e-01 9.72896470226330e-01 9.00610604611292e-17 1.13982897194849e-15 3.69334192858635e-15 4.73695157173400e-16 
8.51062311384622e-01 1.32993595102043e-02 1.31270403225738e-02 1.72319187630479e-04 1.33902835329543e-01 4.08121595547293e-01 1.00587993750365e+00 8.49869942938971e-17 8.73375446038456e-16 3.58972111295467e-15 3.55271367880050e-16 
8.70899857783509e-01 1.05183706909259e-02 1.04100025380830e-02 1.08368152842894e-04 1.36099625376366e-01 4.18739849905538e-01 1.03424947011303e+00 8.03899770825585e-17 6.51330841113425e-16 3.55271367880050e-15 1.77635683940025e-16 
8.87796314023068e-01 8.25261359494307e-03 8.18560939379528e-03 6.70042011477895e-05 1.37638118883206e-01 4.27475001144052e-01 1.05847740898887e+00 7.61977286822812e-17 5.47710025481744e-16 3.44909286316882e-15 2.36847578586700e-16 
9.02051631656936e-01 6.41474182483624e-03 6.37411251448887e-03 4.06293103473637e-05 1.38688792762118e-01 4.34617010688556e-01 1.07895381590297e+00 7.13784500255832e-17 3.40468394218381e-16 3.33066907387547e-15 1.18423789293350e-16 
9.13953281348154e-01 4.93189351792690e-03 4.90780694887943e-03 2.40865690474692e-05 1.39387487020275e-01 4.40416804257298e-01 1.09606819138686e+00 6.66892756295834e-17 2.51650552248369e-16 3.19744231092045e-15 0.00000000000000e+00 
9.23763693920880e-01 3.74476097112815e-03 3.73084179066120e-03 1.39191804669441e-05 1.39838557679145e-01 4.45084345775295e-01 1.11018475750125e+00 6.18406331640472e-17 2.22044604925031e-16 3.01980662698043e-15 3.55271367880050e-16 
9.31733909929448e-01 2.80360485045362e-03 2.79578841757776e-03 7.81643287586193e-06 1.40120549862578e-01 4.48800307634669e-01 1.12165771850551e+00 5.67855405348335e-17 1.92438657601694e-16 2.84217094304040e-15 0.00000000000000e+00 
9.38108284722196e-01 2.06586299811017e-03 2.06161275097519e-03 4.25024713498348e-06 1.40290884722554e-01 4.51722815032782e-01 1.13083529935183e+00 5.17207352611580e-17 5.92118946466750e-17 2.63492931177704e-15 5.92118946466750e-17 
9.43116042492239e-01 1.49558399100909e-03 1.49335388518270e-03 2.23010582639025e-06 1.40389963906170e-01 4.53987798797177e-01 1.13804591074517e+00 4.63385749765779e-17 5.92118946466750e-17 2.37587727269783e-15 0.00000000000000e+00 
9.46972770025876e-01 1.06194101839107e-03 1.06081568846617e-03 1.12532992489596e-06 1.40445284503633e-01 4.55713543845897e-01 1.14359931832796e+00 4.05143199623941e-17 1.48029736616688e-17 2.09462077312613e-15 5.92118946466750e-17 
9.49880454853706e-01 7.38195300962148e-04 7.37651171711021e-04 5.44129251126642e-07 1.40474854443976e-01 4.57003881328557e-01 1.14778615925757e+00 3.44528957229792e-17 2.96059473233375e-17 1.80596278672359e-15 5.92118946466750e-17 
9.52021712138277e-01 5.01533624552749e-04 5.01282340567784e-04 2.51283984965116e-07 1.40489932425870e-01 4.57948186739077e-01 1.15086935441065e+00 2.81896235322336e-17 5.92118946466750e-17 1.48029736616688e-15 1.18423789293350e-16 
9.53556322100262e-01 3.32832466747880e-04 3.32721762976321e-04 1.10703771558071e-07 1.40497233974895e-01 4.58621867203548e-01 1.15307899658086e+00 2.15835641663420e-17 0.00000000000000e+00 1.13982897194849e-15 0.00000000000000e+00 
9.54624733372910e-01 2.15829591149828e-04 2.15783028834295e-04 4.65623155329022e-08 1.40500586093190e-01 4.59089365717074e-01 1.15461734592872e+00 1.51817967947644e-17 4.44089209850063e-17 7.91959090899278e-16 5.92118946466750e-17 
9.55343647466568e-01 1.37307618272088e-04 1.37288770065702e-04 1.88482063861532e-08 1.40502040662304e-01 4.59403231935485e-01 1.15565245863632e+00 9.21725636032165e-18 1.48029736616688e-17 4.88498130835069e-16 0.00000000000000e+00 
9.55811910144777e-01 8.62520921756974e-05 8.62446540353478e-05 7.43814034967683e-09 1.40502641221716e-01 4.59607362769722e-01 1.15632666980720e+00 4.71687237337502e-18 0.00000000000000e+00 2.29446091755866e-16 5.92118946466750e-17 
9.56100515387854e-01 5.48201106421858e-05 5.48171057271055e-05 3.00491508029666e-09 1.40502874985935e-01 4.59733055232597e-01 1.15674220495715e+00 1.49828691218683e-18 2.96059473233375e-17 7.40148683083438e-17 0.00000000000000e+00 
9.56274458037779e-01 3.58889768477580e-05 3.58876889215418e-05 1.28792621612936e-09 1.40502965623785e-01 4.59808766032496e-01 1.15699264734446e+00 3.40818264706549e-19 2.96059473233375e-17 2.22044604925031e-17 5.92118946466750e-17 
9.56397199940395e-01 2.25361623356901e-05 2.25356544799673e-05 5.07855722840469e-10 1.40503006831931e-01 4.59862171050166e-01 1.15716937048834e+00 3.24284137459845e-19 2.96059473233375e-17 2.22044604925031e-17 5.92118946466750e-17 
9.56477707337582e-01 1.37805775600234e-05 1.37803876609393e-05 1.89899084085767e-10 1.40503023636546e-01 4.59897190845664e-01 1.15728528439664e+00 2.04488029225926e-19 1.48029736616688e-17 1.48029736616688e-17 0.00000000000000e+00 
9.56526277567235e-01 8.49932937234299e-06 8.49925713497114e-06 7.22373718463579e-11 1.40503029857127e-01 4.59918314897132e-01 1.15735521534187e+00 6.58833434671695e-20 2.96059473233375e-17 0.00000000000000e+00 0.00000000000000e+00 
9.56564133824454e-01 4.38358354862134e-06 4.38356433298508e-06 1.92156362614189e-11 1.40503032660870e-01 4.59934777456259e-01 1.15740972036952e+00 3.49115833199928e-19 1.48029736616688e-17 1.48029736616688e-17 1.18423789293350e-16 
9.56582825425165e-01 2.35159610324065e-06 2.35159057326242e-06 5.52997822425668e-12 1.40503033384656e-01 4.59942905296557e-01 1.15743663231876e+00 5.58897645586076e-20 1.48029736616688e-17 7.40148683083438e-18 0.00000000000000e+00 
9.56594406219207e-01 1.09268981187614e-06 1.09268861790772e-06 1.19396841570509e-12 1.40503033613989e-01 4.59947940887039e-01 1.15745330620654e+00 8.88785672771203e-20 0.00000000000000e+00 0.00000000000000e+00 1.18423789293350e-16 
9.56601614824205e-01 3.09090274750779e-07 3.09090179214040e-07 9.55367388865676e-14 1.40503033672088e-01 4.59951075276732e-01 1.15746368506736e+00 1.00012359325554e-18 4.44089209850063e-17 5.18104078158406e-17 1.18423789293350e-16 
9.56604141416356e-01 3.44534594556035e-08 3.44534582685627e-08 1.18704078666359e-15 1.40503033677078e-01 4.59952173856422e-01 1.15746732282333e+00 4.33292231790466e-18 1.48029736616688e-17 2.44249065417534e-16 1.77635683940025e-16 
9.56604838494352e-01 0.00000000000000e+00 0.00000000000000e+00 0.00000000000000e+00 1.40503033677142e-01 4.59952476949508e-01 1.15746832646753e+00 3.97030328793282e-16 2.96059473233375e-17 2.09980181390771e-14 1.18423789293350e-16 
9.56605535572347e-01 0.00000000000000e+00 0.00000000000000e+00 0.00000000000000e+00 1.40503033677142e-01 4.59952780042060e-01 1.15746933011172e+00 0.00000000000000e+00 0.00000000000000e+00 0.00000000000000e+00 1.18423789293350e-16 
9.56606654214559e-01 0.00000000000000e+00 0.00000000000000e+00 0.00000000000000e+00 1.40503033677142e-01 4.59953266431456e-01 1.15747094071877e+00 0.00000000000000e+00 1.48029736616688e-17 0.00000000000000e+00 0.00000000000000e+00 
9.56608819919477e-01 0.00000000000000e+00 0.00000000000000e+00 0.00000000000000e+00 1.40503033677142e-01 4.59954208083333e-01 1.15747405887351e+00 0.00000000000000e+00 2.96059473233375e-17 0.00000000000000e+00 5.92118946466750e-17 
9.56612573597715e-01 0.00000000000000e+00 0.00000000000000e+00 0.00000000000000e+00 1.40503033677142e-01 4.59955840176287e-01 1.15747946337198e+00 0.00000000000000e+00 1.48029736616688e-17 0.00000000000000e+00 1.18423789293350e-16 
9.56618597351288e-01 0.00000000000000e+00 0.00000000000000e+00 0.00000000000000e+00 1.40503033677142e-01 4.59958459261825e-01 1.15748813629541e+00 0.00000000000000e+00 1.48029736616688e-17 0.00000000000000e+00 5.92118946466750e-17 
9.56629037949806e-01 0.00000000000000e+00 0.00000000000000e+00 0.00000000000000e+00 1.40503033677142e-01 4.59962998665994e-01 1.15750316853344e+00 0.00000000000000e+00 1.48029736616688e-17 0.00000000000000e+00 5.92118946466750e-17 
9.56647134011701e-01 0.00000000000000e+00 0.00000000000000e+00 0.00000000000000e+00 1.40503033677142e-01 4.59970866258901e-01 1.15752922300110e+00 0.00000000000000e+00 1.48029736616688e-17 0.00000000000000e+00 1.18423789293350e-16 
9.56676173957552e-01 0.00000000000000e+00 0.00000000000000e+00 0.00000000000000e+00 1.40503033677142e-01 4.59983491153499e-01 1.15757103430781e+00 0.00000000000000e+00 2.96059473233375e-17 0.00000000000000e+00 1.18423789293350e-16 
9.56722776415042e-01 0.00000000000000e+00 0.00000000000000e+00 0.00000000000000e+00 1.40503033677142e-01 4.60003749280936e-01 1.15763813182461e+00 0.00000000000000e+00 1.48029736616688e-17 0.00000000000000e+00 5.92118946466750e-17 
9.56803550431604e-01 0.00000000000000e+00 0.00000000000000e+00 0.00000000000000e+00 1.40503033677142e-01 4.60038856167531e-01 1.15775442889818e+00 0.00000000000000e+00 1.48029736616688e-17 0.00000000000000e+00 5.92118946466750e-17 
9.56943553721219e-01 0.00000000000000e+00 0.00000000000000e+00 0.00000000000000e+00 1.40503033677142e-01 4.60099688971718e-01 1.15795600286596e+00 0.00000000000000e+00 1.48029736616688e-17 0.00000000000000e+00 1.18423789293350e-16 
9.57168233215860e-01 0.00000000000000e+00 0.00000000000000e+00 0.00000000000000e+00 1.40503033677142e-01 4.60197269493694e-01 1.15827949084860e+00 0.00000000000000e+00 1.48029736616688e-17 0.00000000000000e+00 5.92118946466750e-17 
9.57557678430365e-01 0.00000000000000e+00 0.00000000000000e+00 0.00000000000000e+00 1.40503033677142e-01 4.60366278387314e-01 1.15884020120312e+00 0.00000000000000e+00 1.48029736616688e-17 0.00000000000000e+00 5.92118946466750e-17 
9.58232745835486e-01 0.00000000000000e+00 0.00000000000000e+00 0.00000000000000e+00 1.40503033677142e-01 4.60658846751613e-01 1.15981213123648e+00 0.00000000000000e+00 1.48029736616688e-17 0.00000000000000e+00 5.92118946466750e-17 
9.59402996253769e-01 0.00000000000000e+00 0.00000000000000e+00 0.00000000000000e+00 1.40503033677142e-01 4.61164845558199e-01 1.16149697317301e+00 0.00000000000000e+00 0.00000000000000e+00 0.00000000000000e+00 1.18423789293350e-16 
9.61281517929888e-01 0.00000000000000e+00 0.00000000000000e+00 0.00000000000000e+00 1.40503033677142e-01 4.61973981939029e-01 1.16420145600185e+00 0.00000000000000e+00 1.48029736616688e-17 0.00000000000000e+00 5.92118946466750e-17 
9.64539017725385e-01 0.00000000000000e+00 0.00000000000000e+00 0.00000000000000e+00 1.40503033677142e-01 4.63368078114453e-01 1.16889101266648e+00 0.00000000000000e+00 1.48029736616688e-17 0.00000000000000e+00 2.36847578586700e-16 
9.69383032243511e-01 0.00000000000000e+00 0.00000000000000e+00 0.00000000000000e+00 1.40503033677142e-01 4.65420282247017e-01 1.17586402914668e+00 0.00000000000000e+00 1.48029736616688e-17 0.00000000000000e+00 5.92118946466750e-17 
9.77789762056368e-01 0.00000000000000e+00 0.00000000000000e+00 0.00000000000000e+00 1.40503033677142e-01 4.68923845485061e-01 1.18796418173225e+00 0.00000000000000e+00 2.96059473233375e-17 0.00000000000000e+00 5.92118946466750e-17 
9.92392290838208e-01 0.00000000000000e+00 0.00000000000000e+00 0.00000000000000e+00 1.40503033677142e-01 4.74840510560344e-01 1.20897802057997e+00 0.00000000000000e+00 1.48029736616688e-17 0.00000000000000e+00 1.18423789293350e-16 
1.01591206932722e+00 0.00000000000000e+00 0.00000000000000e+00 0.00000000000000e+00 1.40503033677142e-01 4.83944024286292e-01 1.24281371840200e+00 0.00000000000000e+00 1.48029736616688e-17 0.00000000000000e+00 1.77635683940025e-16 
1.05220916039162e+00 0.00000000000000e+00 0.00000000000000e+00 0.00000000000000e+00 1.40503033677142e-01 4.97048058948617e-01 1.29500752438645e+00 0.00000000000000e+00 5.92118946466750e-17 0.00000000000000e+00 5.92118946466750e-17 
1.11267339355976e+00 0.00000000000000e+00 0.00000000000000e+00 0.00000000000000e+00 1.40503033677142e-01 5.16655151454104e-01 1.38189763881877e+00 0.00000000000000e+00 0.00000000000000e+00 0.00000000000000e+00 5.92118946466750e-17 
1.21905336664098e+00 0.00000000000000e+00 0.00000000000000e+00 0.00000000000000e+00 1.40503033677142e-01 5.45713966037295e-01 1.53463589570785e+00 0.00000000000000e+00 1.12502599828683e-15 0.00000000000000e+00 4.14483262526725e-16 
1.34739051550411e+00 0.00000000000000e+00 0.00000000000000e+00 0.00000000000000e+00 1.40503033677142e-01 5.73847636039689e-01 1.71872757404293e+00 0.00000000000000e+00 2.13162820728030e-15 0.00000000000000e+00 5.32907051820075e-16 
1.49187816910369e+00 0.00000000000000e+00 0.00000000000000e+00 0.00000000000000e+00 1.40503033677142e-01 5.99048503072582e-01 1.92582480870744e+00 0.00000000000000e+00 1.92438657601694e-15 0.00000000000000e+00 5.32907051820075e-16 
1.65666448794147e+00 0.00000000000000e+00 0.00000000000000e+00 0.00000000000000e+00 1.40503033677142e-01 6.21869731707682e-01 2.16186879329458e+00 0.00000000000000e+00 1.98359847066361e-15 0.00000000000000e+00 4.73695157173400e-16 
1.84423313081917e+00 0.00000000000000e+00 0.00000000000000e+00 0.00000000000000e+00 1.40503033677142e-01 6.42432271362551e-01 2.43041146282727e+00 0.00000000000000e+00 1.92438657601694e-15 0.00000000000000e+00 4.73695157173400e-16 
2.05872115663938e+00 0.00000000000000e+00 0.00000000000000e+00 0.00000000000000e+00 1.40503033677142e-01 6.60987389905208e-01 2.73737069191223e+00 0.00000000000000e+00 1.95399252334028e-15 0.00000000000000e+00 2.36847578586700e-16 
2.30384928309595e+00 0.00000000000000e+00 0.00000000000000e+00 0.00000000000000e+00 1.40503033677142e-01 6.77666229121474e-01 3.08806644078216e+00 0.00000000000000e+00 1.89478062869360e-15 0.00000000000000e+00 1.18423789293350e-16 
2.58523201666281e+00 0.00000000000000e+00 0.00000000000000e+00 0.00000000000000e+00 1.40503033677142e-01 6.92673047553014e-01 3.49052666690709e+00 0.00000000000000e+00 1.95399252334028e-15 0.00000000000000e+00 5.92118946466750e-16 
2.90741324777103e+00 0.00000000000000e+00 0.00000000000000e+00 0.00000000000000e+00 1.40503033677142e-01 7.06096553750175e-01 3.95124658165172e+00 0.00000000000000e+00 1.92438657601694e-15 0.00000000000000e+00 5.92118946466750e-16 
3.27722284728101e+00 0.00000000000000e+00 0.00000000000000e+00 0.00000000000000e+00 1.40503033677142e-01 7.18097548820602e-01 4.47998978417498e+00 0.00000000000000e+00 1.86517468137026e-15 0.00000000000000e+00 9.47390314346800e-16 
3.70347305994536e+00 0.00000000000000e+00 0.00000000000000e+00 0.00000000000000e+00 1.40503033677142e-01 7.28834089844185e-01 5.08935254173719e+00 0.00000000000000e+00 1.98359847066361e-15 0.00000000000000e+00 2.36847578586700e-16 
4.19172940393574e+00 0.00000000000000e+00 0.00000000000000e+00 0.00000000000000e+00 1.40503033677142e-01 7.38352459287669e-01 5.78728888958389e+00 0.00000000000000e+00 1.80596278672359e-15 0.00000000000000e+00 2.36847578586700e-16 
4.75717662806475e+00 0.00000000000000e+00 0.00000000000000e+00 0.00000000000000e+00 1.40503033677142e-01 7.46857048614641e-01 6.59550230548351e+00 0.00000000000000e+00 1.86517468137026e-15 0.00000000000000e+00 9.47390314346800e-16 
5.40998982463666e+00 0.00000000000000e+00 0.00000000000000e+00 0.00000000000000e+00 1.40503033677142e-01 7.54403829729336e-01 7.52853396082040e+00 0.00000000000000e+00 1.89478062869360e-15 0.00000000000000e+00 9.47390314346800e-16 
6.16266859951557e+00 0.00000000000000e+00 0.00000000000000e+00 0.00000000000000e+00 1.40503033677142e-01 7.61073067748049e-01 8.60424726964103e+00 0.00000000000000e+00 1.77635683940025e-15 0.00000000000000e+00 4.73695157173400e-16 
7.03706011234176e+00 0.00000000000000e+00 0.00000000000000e+00 0.00000000000000e+00 1.40503033677142e-01 7.66992013374039e-01 9.85386408348718e+00 0.00000000000000e+00 1.83556873404693e-15 0.00000000000000e+00 9.47390314346800e-16 
8.04948577663353e+00 0.00000000000000e+00 0.00000000000000e+00 0.00000000000000e+00 1.40503033677142e-01 7.72209773092242e-01 1.13007082379842e+01 0.00000000000000e+00 1.83556873404693e-15 0.00000000000000e+00 4.73695157173400e-16 
9.22207373310649e+00 0.00000000000000e+00 0.00000000000000e+00 0.00000000000000e+00 1.40503033677142e-01 7.76798578832174e-01 1.29764017160574e+01 0.00000000000000e+00 1.71714494475358e-15 0.00000000000000e+00 4.73695157173400e-16 
1.05906070445923e+01 0.00000000000000e+00 0.00000000000000e+00 0.00000000000000e+00 1.40503033677142e-01 7.80851614554606e-01 1.49320793300104e+01 0.00000000000000e+00 1.62832710278356e-15 0.00000000000000e+00 0.00000000000000e+00 
1.21976408529912e+01 0.00000000000000e+00 0.00000000000000e+00 0.00000000000000e+00 1.40503033677142e-01 7.84436244981918e-01 1.72285522576184e+01 0.00000000000000e+00 1.74675089207691e-15 0.00000000000000e+00 0.00000000000000e+00 
1.40704459468076e+01 0.00000000000000e+00 0.00000000000000e+00 0.00000000000000e+00 1.40503033677142e-01 7.87570007787961e-01 1.99047897354767e+01 0.00000000000000e+00 1.68753899743024e-15 0.00000000000000e+00 9.47390314346800e-16 
1.62617274461999e+01 0.00000000000000e+00 0.00000000000000e+00 0.00000000000000e+00 1.40503033677142e-01 7.90312244624372e-01 2.30361066277320e+01 0.00000000000000e+00 1.68753899743024e-15 0.00000000000000e+00 9.47390314346800e-16 
1.88260248303576e+01 0.00000000000000e+00 0.00000000000000e+00 0.00000000000000e+00 1.40503033677142e-01 7.92704510812032e-01 2.67004385733457e+01 0.00000000000000e+00 1.59872115546023e-15 0.00000000000000e+00 2.84217094304040e-15 
2.18453073665240e+01 0.00000000000000e+00 0.00000000000000e+00 0.00000000000000e+00 1.40503033677142e-01 7.94796597352093e-01 3.10149174186611e+01 0.00000000000000e+00 1.62832710278356e-15 0.00000000000000e+00 1.89478062869360e-15 
2.53934644570661e+01 0.00000000000000e+00 0.00000000000000e+00 0.00000000000000e+00 1.40503033677142e-01 7.96615737287864e-01 3.60851286606698e+01 0.00000000000000e+00 1.50990331349021e-15 0.00000000000000e+00 1.89478062869360e-15 
2.95986774614807e+01 0.00000000000000e+00 0.00000000000000e+00 0.00000000000000e+00 1.40503033677142e-01 7.98204273676142e-01 4.20942390734466e+01 0.00000000000000e+00 1.53950926081355e-15 0.00000000000000e+00 0.00000000000000e+00 
3.45723059231731e+01 0.00000000000000e+00 0.00000000000000e+00 0.00000000000000e+00 1.40503033677142e-01 7.99582218936300e-01 4.92013772108694e+01 0.00000000000000e+00 1.48029736616688e-15 0.00000000000000e+00 1.89478062869360e-15 
4.04808884918565e+01 0.00000000000000e+00 0.00000000000000e+00 0.00000000000000e+00 1.40503033677142e-01 8.00777597388653e-01 5.76445204241890e+01 0.00000000000000e+00 1.42108547152020e-15 0.00000000000000e+00 0.00000000000000e+00 
4.75325412031841e+01 0.00000000000000e+00 0.00000000000000e+00 0.00000000000000e+00 1.40503033677142e-01 8.01814088795002e-01 6.77210582719609e+01 0.00000000000000e+00 1.50990331349021e-15 0.00000000000000e+00 0.00000000000000e+00 
5.58923653270767e+01 0.00000000000000e+00 0.00000000000000e+00 0.00000000000000e+00 1.40503033677142e-01 8.02703190300941e-01 7.96669137360853e+01 0.00000000000000e+00 1.39147952419686e-15 0.00000000000000e+00 0.00000000000000e+00 
6.58938654420172e+01 0.00000000000000e+00 0.00000000000000e+00 0.00000000000000e+00 1.40503033677142e-01 8.03469855688034e-01 9.39586513023483e+01 0.00000000000000e+00 1.36187357687353e-15 0.00000000000000e+00 3.78956125738720e-15 
7.78885438856368e+01 0.00000000000000e+00 0.00000000000000e+00 0.00000000000000e+00 1.40503033677142e-01 8.04129179224433e-01 1.11098553241523e+02 0.00000000000000e+00 1.36187357687353e-15 0.00000000000000e+00 3.78956125738720e-15 
9.22741192059930e+01 0.00000000000000e+00 0.00000000000000e+00 0.00000000000000e+00 1.40503033677142e-01 8.04693513683011e-01 1.31654942754822e+02 0.00000000000000e+00 1.24344978758018e-15 0.00000000000000e+00 0.00000000000000e+00 
1.09702964315894e+02 0.00000000000000e+00 0.00000000000000e+00 0.00000000000000e+00 1.40503033677142e-01 8.05178696339589e-01 1.56560033388328e+02 0.00000000000000e+00 1.30266168222685e-15 0.00000000000000e+00 0.00000000000000e+00 
1.30710558028057e+02 0.00000000000000e+00 0.00000000000000e+00 0.00000000000000e+00 1.40503033677142e-01 8.05591351466385e-01 1.86579001759092e+02 0.00000000000000e+00 1.30266168222685e-15 0.00000000000000e+00 0.00000000000000e+00 
1.56032288757908e+02 0.00000000000000e+00 0.00000000000000e+00 0.00000000000000e+00 1.40503033677142e-01 8.05940928336793e-01 2.22762686875679e+02 0.00000000000000e+00 1.12502599828683e-15 0.00000000000000e+00 7.57912251477440e-15 
1.87055926208978e+02 0.00000000000000e+00 0.00000000000000e+00 0.00000000000000e+00 1.40503033677142e-01 8.06240113698476e-01 2.67094152944470e+02 0.00000000000000e+00 1.30266168222685e-15 0.00000000000000e+00 0.00000000000000e+00 
2.24451873688454e+02 0.00000000000000e+00 0.00000000000000e+00 0.00000000000000e+00 1.40503033677142e-01 8.06490750025537e-01 3.20531377827111e+02 0.00000000000000e+00 1.15463194561016e-15 0.00000000000000e+00 1.51582450295488e-14 
2.70137845826944e+02 0.00000000000000e+00 0.00000000000000e+00 0.00000000000000e+00 1.40503033677142e-01 8.06702726630267e-01 3.85814694423343e+02 0.00000000000000e+00 1.12502599828683e-15 0.00000000000000e+00 4.54747350886464e-14 
3.26113532827092e+02 0.00000000000000e+00 0.00000000000000e+00 0.00000000000000e+00 1.40503033677142e-01 8.06881447006077e-01 4.65801575126557e+02 0.00000000000000e+00 1.09542005096349e-15 0.00000000000000e+00 6.06329801181952e-14 
3.94900615662720e+02 0.00000000000000e+00 0.00000000000000e+00 0.00000000000000e+00 1.40503033677142e-01 8.07031660076452e-01 5.64095394926771e+02 0.00000000000000e+00 1.06581410364015e-15 0.00000000000000e+00 6.06329801181952e-14 
4.79689682968014e+02 0.00000000000000e+00 0.00000000000000e+00 0.00000000000000e+00 1.40503033677142e-01 8.07157520498597e-01 6.85255369398791e+02 0.00000000000000e+00 1.03620815631681e-15 0.00000000000000e+00 3.03164900590976e-14 
5.84531616818867e+02 0.00000000000000e+00 0.00000000000000e+00 0.00000000000000e+00 1.40503033677142e-01 8.07262647431761e-01 8.35070036846063e+02 0.00000000000000e+00 9.76996261670138e-16 0.00000000000000e+00 6.06329801181952e-14 
7.15020008112627e+02 0.00000000000000e+00 0.00000000000000e+00 0.00000000000000e+00 1.40503033677142e-01 8.07350418451690e-01 1.02153240086430e+03 0.00000000000000e+00 9.47390314346800e-16 0.00000000000000e+00 0.00000000000000e+00 
8.77985469815268e+02 0.00000000000000e+00 0.00000000000000e+00 0.00000000000000e+00 1.40503033677142e-01 8.07423391184791e-01 1.25440311695727e+03 0.00000000000000e+00 9.47390314346800e-16 0.00000000000000e+00 0.00000000000000e+00 
1.08151193266917e+03 0.00000000000000e+00 0.00000000000000e+00 0.00000000000000e+00 1.40503033677142e-01 8.07483639357099e-01 1.54523377841862e+03 0.00000000000000e+00 8.88178419700125e-16 0.00000000000000e+00 0.00000000000000e+00 
1.33752482066508e+03 0.00000000000000e+00 0.00000000000000e+00 0.00000000000000e+00 1.40503033677142e-01 8.07533384011100e-01 1.91106530902857e+03 0.00000000000000e+00 8.28966525053450e-16 0.00000000000000e+00 6.06329801181952e-14 
1.66203858014305e+03 0.00000000000000e+00 0.00000000000000e+00 0.00000000000000e+00 1.40503033677142e-01 8.07574412753483e-01 2.37478167159773e+03 0.00000000000000e+00 7.99360577730113e-16 0.00000000000000e+00 0.00000000000000e+00 
2.07504825405236e+03 0.00000000000000e+00 0.00000000000000e+00 0.00000000000000e+00 1.40503033677142e-01 8.07608069547551e-01 2.96495493219548e+03 0.00000000000000e+00 8.58572472376788e-16 0.00000000000000e+00 1.21265960236390e-13 
2.59653085296598e+03 0.00000000000000e+00 0.00000000000000e+00 0.00000000000000e+00 1.40503033677142e-01 8.07635270664685e-01 3.71013138938152e+03 0.00000000000000e+00 8.58572472376788e-16 0.00000000000000e+00 1.21265960236390e-13 
3.25497661243514e+03 0.00000000000000e+00 0.00000000000000e+00 0.00000000000000e+00 1.40503033677142e-01 8.07657165243314e-01 4.65102237816929e+03 0.00000000000000e+00 7.69754630406775e-16 0.00000000000000e+00 2.42531920472781e-13 
4.09650750751760e+03 0.00000000000000e+00 0.00000000000000e+00 0.00000000000000e+00 1.40503033677142e-01 8.07674901328982e-01 5.85353423949346e+03 0.00000000000000e+00 6.21724893790088e-16 0.00000000000000e+00 4.85063840945562e-13 
5.19786044367349e+03 0.00000000000000e+00 0.00000000000000e+00 0.00000000000000e+00 1.40503033677142e-01 8.07689436845756e-01 7.42732074785289e+03 0.00000000000000e+00 7.99360577730113e-16 0.00000000000000e+00 0.00000000000000e+00 
6.59956381341931e+03 0.00000000000000e+00 0.00000000000000e+00 0.00000000000000e+00 1.40503033677142e-01 8.07700919781982e-01 9.43029525258673e+03 0.00000000000000e+00 6.21724893790088e-16 0.00000000000000e+00 4.85063840945562e-13 
8.43404442574023e+03 0.00000000000000e+00 0.00000000000000e+00 0.00000000000000e+00 1.40503033677142e-01 8.07710181556160e-01 1.20516900319763e+04 0.00000000000000e+00 6.51330841113425e-16 0.00000000000000e+00 0.00000000000000e+00 
1.08225459004167e+04 0.00000000000000e+00 0.00000000000000e+00 0.00000000000000e+00 1.40503033677142e-01 8.07717534965857e-01 1.54647570625093e+04 0.00000000000000e+00 5.32907051820075e-16 0.00000000000000e+00 0.00000000000000e+00 
1.40025040901278e+04 0.00000000000000e+00 0.00000000000000e+00 0.00000000000000e+00 1.40503033677142e-01 8.07723431705575e-01 2.00087820801255e+04 0.00000000000000e+00 5.62512999143413e-16 0.00000000000000e+00 9.70127681891123e-13 
1.82108208477145e+04 0.00000000000000e+00 0.00000000000000e+00 0.00000000000000e+00 1.40503033677142e-01 8.07728069340917e-01 2.60222877576992e+04 0.00000000000000e+00 5.32907051820075e-16 0.00000000000000e+00 9.70127681891123e-13 
2.38136133787258e+04 0.00000000000000e+00 0.00000000000000e+00 0.00000000000000e+00 1.40503033677142e-01 8.07731699881794e-01 3.40284400119217e+04 0.00000000000000e+00 5.32907051820075e-16 0.00000000000000e+00 0.00000000000000e+00 
3.12729591065547e+04 0.00000000000000e+00 0.00000000000000e+00 0.00000000000000e+00 1.40503033677142e-01 8.07734514546528e-01 4.46875278298351e+04 0.00000000000000e+00 4.73695157173400e-16 0.00000000000000e+00 1.94025536378225e-12 
4.12729591065547e+04 0.00000000000000e+00 0.00000000000000e+00 0.00000000000000e+00 1.40503033677142e-01 8.07736691677432e-01 5.89771025550248e+04 0.00000000000000e+00 4.14483262526725e-16 0.00000000000000e+00 1.94025536378225e-12 
5.12729591065547e+04 0.00000000000000e+00 0.00000000000000e+00 0.00000000000000e+00 1.40503033677142e-01 8.07738019574390e-01 7.32666772801932e+04 0.00000000000000e+00 5.92118946466750e-17 0.00000000000000e+00 0.00000000000000e+00 
6.12729591065547e+04 0.00000000000000e+00 0.00000000000000e+00 0.00000000000000e+00 1.40503033677142e-01 8.07738914033818e-01 8.75562520053506e+04 0.00000000000000e+00 8.88178419700125e-17 0.00000000000000e+00 7.76102145512899e-12 
7.12729591065547e+04 0.00000000000000e+00 0.00000000000000e+00 0.00000000000000e+00 1.40503033677142e-01 8.07739557497299e-01 1.01845826730502e+05 0.00000000000000e+00 8.88178419700125e-17 0.00000000000000e+00 1.16415321826935e-11 
8.12729591065547e+04 0.00000000000000e+00 0.00000000000000e+00 0.00000000000000e+00 1.40503033677142e-01 8.07740042614240e-01 1.16135401455649e+05 0.00000000000000e+00 8.88178419700125e-17 0.00000000000000e+00 1.94025536378225e-11 
9.12729591065547e+04 0.00000000000000e+00 0.00000000000000e+00 0.00000000000000e+00 1.40503033677142e-01 8.07740421430763e-01 1.30424976180794e+05 0.00000000000000e+00 5.92118946466750e-17 0.00000000000000e+00 7.76102145512899e-12 
1.01272959106555e+05 0.00000000000000e+00 0.00000000000000e+00 0.00000000000000e+00 1.40503033677142e-01 8.07740725436191e-01 1.44714550905936e+05 0.00000000000000e+00 2.96059473233375e-17 0.00000000000000e+00 1.55220429102580e-11 
1.11272959106555e+05 0.00000000000000e+00 0.00000000000000e+00 0.00000000000000e+00 1.40503033677142e-01 8.07740974800165e-01 1.59004125631078e+05 0.00000000000000e+00 2.96059473233375e-17 0.00000000000000e+00 1.55220429102580e-11 
1.21272959106555e+05 0.00000000000000e+00 0.00000000000000e+00 0.00000000000000e+00 1.40503033677142e-01 8.07741183039677e-01 1.73293700356218e+05 0.00000000000000e+00 2.96059473233375e-17 0.00000000000000e+00 0.00000000000000e+00 
1.31272959106555e+05 0.00000000000000e+00 0.00000000000000e+00 0.00000000000000e+00 1.40503033677142e-01 8.07741359552969e-01 1.87583275081357e+05 0.00000000000000e+00 0.00000000000000e+00 0.00000000000000e+00 0.00000000000000e+00 
1.41272959106555e+05 0.00000000000000e+00 0.00000000000000e+00 0.00000000000000e+00 1.40503033677142e-01 8.07741511077266e-01 2.01872849806496e+05 0.00000000000000e+00 2.96059473233375e-17 0.00000000000000e+00 7.76102145512899e-12 
1.51272959106555e+05 0.00000000000000e+00 0.00000000000000e+00 0.00000000000000e+00 1.40503033677142e-01 8.07741642568314e-01 2.16162424531635e+05 0.00000000000000e+00 2.96059473233375e-17 0.00000000000000e+00 7.76102145512899e-12 
1.61272959106555e+05 0.00000000000000e+00 0.00000000000000e+00 0.00000000000000e+00 1.40503033677142e-01 8.07741757752703e-01 2.30451999256772e+05 0.00000000000000e+00 5.92118946466750e-17 0.00000000000000e+00 1.55220429102580e-11 
1.71272959106555e+05 0.00000000000000e+00 0.00000000000000e+00 0.00000000000000e+00 1.40503033677142e-01 8.07741859486692e-01 2.44741573981910e+05 0.00000000000000e+00 0.00000000000000e+00 0.00000000000000e+00 7.76102145512899e-12 
1.81272959106555e+05 0.00000000000000e+00 0.00000000000000e+00 0.00000000000000e+00 1.40503033677142e-01 8.07741949996275e-01 2.59031148707047e+05 0.00000000000000e+00 5.92118946466750e-17 0.00000000000000e+00 7.76102145512899e-12 
1.91272959106555e+05 0.00000000000000e+00 0.00000000000000e+00 0.00000000000000e+00 1.40503033677142e-01 8.07742031041934e-01 2.73320723432184e+05 0.00000000000000e+00 8.88178419700125e-17 0.00000000000000e+00 3.10440858205160e-11 
2.01272959106555e+05 0.00000000000000e+00 0.00000000000000e+00 0.00000000000000e+00 1.40503033677142e-01 8.07742104034277e-01 2.87610298157321e+05 0.00000000000000e+00 2.96059473233375e-17 0.00000000000000e+00 1.55220429102580e-11 
2.11272959106555e+05 0.00000000000000e+00 0.00000000000000e+00 0.00000000000000e+00 1.40503033677142e-01 8.07742170116850e-01 3.01899872882458e+05 0.00000000000000e+00 2.96059473233375e-17 0.00000000000000e+00 1.55220429102580e-11 
2.21272959106555e+05 0.00000000000000e+00 0.00000000000000e+00 0.00000000000000e+00 1.40503033677142e-01 8.07742230226473e-01 3.16189447607595e+05 0.00000000000000e+00 2.96059473233375e-17 0.00000000000000e+00 6.20881716410319e-11 
2.31272959106555e+05 0.00000000000000e+00 0.00000000000000e+00 0.00000000000000e+00 1.40503033677142e-01 8.07742285137939e-01 3.30479022332731e+05 0.00000000000000e+00 0.00000000000000e+00 0.00000000000000e+00 1.55220429102580e-11 
2.41272959106555e+05 0.00000000000000e+00 0.00000000000000e+00 0.00000000000000e+00 1.40503033677142e-01 8.07742335497589e-01 3.44768597057868e+05 0.00000000000000e+00 0.00000000000000e+00 0.00000000000000e+00 3.10440858205160e-11 
2.51272959106555e+05 0.00000000000000e+00 0.00000000000000e+00 0.00000000000000e+00 1.40503033677142e-01 8.07742381848875e-01 3.59058171783004e+05 0.00000000000000e+00 2.96059473233375e-17 0.00000000000000e+00 1.55220429102580e-11 
2.61272959106555e+05 0.00000000000000e+00 0.00000000000000e+00 0.00000000000000e+00 1.40503033677142e-01 8.07742424652047e-01 3.73347746508140e+05 0.00000000000000e+00 0.00000000000000e+00 0.00000000000000e+00 4.65661287307739e-11 
2.71272959106555e+05 0.00000000000000e+00 0.00000000000000e+00 0.00000000000000e+00 1.40503033677142e-01 8.07742464299490e-01 3.87637321233276e+05 0.00000000000000e+00 2.96059473233375e-17 0.00000000000000e+00 0.00000000000000e+00 
2.81272959106555e+05 0.00000000000000e+00 0.00000000000000e+00 0.00000000000000e+00 1.40503033677142e-01 8.07742501127789e-01 4.01926895958412e+05 0.00000000000000e+00 2.96059473233375e-17 0.00000000000000e+00 1.55220429102580e-11 
2.91272959106555e+05 0.00000000000000e+00 0.00000000000000e+00 0.00000000000000e+00 1.40503033677142e-01 8.07742535427303e-01 4.16216470683548e+05 0.00000000000000e+00 0.00000000000000e+00 0.00000000000000e+00 6.20881716410319e-11 
3.01272959106555e+05 0.00000000000000e+00 0.00000000000000e+00 0.00000000000000e+00 1.40503033677142e-01 8.07742567449844e-01 4.30506045408684e+05 0.00000000000000e+00 2.96059473233375e-17 0.00000000000000e+00 3.10440858205160e-11 
3.11272959106555e+05 0.00000000000000e+00 0.00000000000000e+00 0.00000000000000e+00 1.40503033677142e-01 8.07742597414863e-01 4.44795620133819e+05 0.00000000000000e+00 8.88178419700125e-17 0.00000000000000e+00 1.55220429102580e-11 
3.21272959106555e+05 0.00000000000000e+00 0.00000000000000e+00 0.00000000000000e+00 1.40503033677142e-01 8.07742625514487e-01 4.59085194858955e+05 0.00000000000000e+00 0.00000000000000e+00 0.00000000000000e+00 1.55220429102580e-11 
3.31272959106555e+05 0.00000000000000e+00 0.00000000000000e+00 0.00000000000000e+00 1.40503033677142e-01 8.07742651917647e-01 4.73374769584091e+05 0.00000000000000e+00 5.92118946466750e-17 0.00000000000000e+00 3.10440858205160e-11 
3.41272959106555e+05 0.00000000000000e+00 0.00000000000000e+00 0.00000000000000e+00 1.40503033677142e-01 8.07742676773473e-01 4.87664344309226e+05 0.00000000000000e+00 0.00000000000000e+00 0.00000000000000e+00 0.00000000000000e+00 
3.51272959106555e+05 0.00000000000000e+00 0.00000000000000e+00 0.00000000000000e+00 1.40503033677142e-01 8.07742700214112e-01 5.01953919034362e+05 0.00000000000000e+00 5.92118946466750e-17 0.00000000000000e+00 1.55220429102580e-11 
3.61272959106555e+05 0.00000000000000e+00 0.00000000000000e+00 0.00000000000000e+00 1.40503033677142e-01 8.07742722357082e-01 5.16243493759498e+05 0.00000000000000e+00 2.96059473233375e-17 0.00000000000000e+00 0.00000000000000e+00 
3.71272959106555e+05 0.00000000000000e+00 0.00000000000000e+00 0.00000000000000e+00 1.40503033677142e-01 8.07742743307238e-01 5.30533068484633e+05 0.00000000000000e+00 5.92118946466750e-17 0.00000000000000e+00 3.10440858205160e-11 
3.81272959106555e+05 0.00000000000000e+00 0.00000000000000e+00 0.00000000000000e+00 1.40503033677142e-01 8.07742763158435e-01 5.44822643209769e+05 0.00000000000000e+00 2.96059473233375e-17 0.00000000000000e+00 6.20881716410319e-11 
3.91272959106555e+05 0.00000000000000e+00 0.00000000000000e+00 0.00000000000000e+00 1.40503033677142e-01 8.07742781994933e-01 5.59112217934905e+05 0.00000000000000e+00 0.00000000000000e+00 0.00000000000000e+00 3.10440858205160e-11 
4.01272959106555e+05 0.00000000000000e+00 0.00000000000000e+00 0.00000000000000e+00 1.40503033677142e-01 8.07742799892594e-01 5.73401792660040e+05 0.00000000000000e+00 0.00000000000000e+00 0.00000000000000e+00 0.00000000000000e+00 
4.11272959106555e+05 0.00000000000000e+00 0.00000000000000e+00 0.00000000000000e+00 1.40503033677142e-01 8.07742816919900e-01 5.87691367385176e+05 0.00000000000000e+00 2.96059473233375e-17 0.00000000000000e+00 0.00000000000000e+00 
4.21272959106555e+05 0.00000000000000e+00 0.00000000000000e+00 0.00000000000000e+00 1.40503033677142e-01 8.07742833138832e-01 6.01980942110312e+05 0.00000000000000e+00 2.96059473233375e-17 0.00000000000000e+00 6.20881716410319e-11 
4.31272959106555e+05 0.00000000000000e+00 0.00000000000000e+00 0.00000000000000e+00 1.40503033677142e-01 8.07742848605621e-01 6.16270516835447e+05 0.00000000000000e+00 2.96059473233375e-17 0.00000000000000e+00 9.31322574615479e-11 
4.41272959106555e+05 0.00000000000000e+00 0.00000000000000e+00 0.00000000000000e+00 1.40503033677142e-01 8.07742863371403e-01 6.30560091560583e+05 0.00000000000000e+00 2.96059473233375e-17 0.00000000000000e+00 9.31322574615479e-11 
4.51272959106555e+05 0.00000000000000e+00 0.00000000000000e+00 0.00000000000000e+00 1.40503033677142e-01 8.07742877482778e-01 6.44849666285719e+05 0.00000000000000e+00 2.96059473233375e-17 0.00000000000000e+00 9.31322574615479e-11 
4.61272959106555e+05 0.00000000000000e+00 0.00000000000000e+00 0.00000000000000e+00 1.40503033677142e-01 8.07742890982308e-01 6.59139241010854e+05 0.00000000000000e+00 2.96059473233375e-17 0.00000000000000e+00 1.24176343282064e-10 
4.71272959106555e+05 0.00000000000000e+00 0.00000000000000e+00 0.00000000000000e+00 1.40503033677142e-01 8.07742903908942e-01 6.73428815735990e+05 0.00000000000000e+00 2.96059473233375e-17 0.00000000000000e+00 1.24176343282064e-10 
4.81272959106555e+05 0.00000000000000e+00 0.00000000000000e+00 0.00000000000000e+00 1.40503033677142e-01 8.07742916298390e-01 6.87718390461126e+05 0.00000000000000e+00 0.00000000000000e+00 0.00000000000000e+00 1.24176343282064e-10 
4.91272959106555e+05 0.00000000000000e+00 0.00000000000000e+00 0.00000000000000e+00 1.40503033677142e-01 8.07742928183457e-01 7.02007965186262e+05 0.00000000000000e+00 5.92118946466750e-17 0.00000000000000e+00 1.24176343282064e-10 
5.01272959106555e+05 0.00000000000000e+00 0.00000000000000e+00 0.00000000000000e+00 1.40503033677142e-01 8.07742939594328e-01 7.16297539911397e+05 0.00000000000000e+00 2.96059473233375e-17 0.00000000000000e+00 9.31322574615479e-11 
5.11272959106555e+05 0.00000000000000e+00 0.00000000000000e+00 0.00000000000000e+00 1.40503033677142e-01 8.07742950558828e-01 7.30587114636533e+05 0.00000000000000e+00 5.92118946466750e-17 0.00000000000000e+00 9.31322574615479e-11 
5.21272959106555e+05 0.00000000000000e+00 0.00000000000000e+00 0.00000000000000e+00 1.40503033677142e-01 8.07742961102647e-01 7.44876689361669e+05 0.00000000000000e+00 5.92118946466750e-17 0.00000000000000e+00 9.31322574615479e-11 
5.31272959106555e+05 0.00000000000000e+00 0.00000000000000e+00 0.00000000000000e+00 1.40503033677142e-01 8.07742971249538e-01 7.59166264086804e+05 0.00000000000000e+00 2.96059473233375e-17 0.00000000000000e+00 9.31322574615479e-11 
5.41272959106555e+05 0.00000000000000e+00 0.00000000000000e+00 0.00000000000000e+00 1.40503033677142e-01 8.07742981021503e-01 7.73455838811940e+05 0.00000000000000e+00 5.92118946466750e-17 0.00000000000000e+00 9.31322574615479e-11 
5.51272959106555e+05 0.00000000000000e+00 0.00000000000000e+00 0.00000000000000e+00 1.40503033677142e-01 8.07742990438943e-01 7.87745413537076e+05 0.00000000000000e+00 8.88178419700125e-17 0.00000000000000e+00 9.31322574615479e-11 
5.61272959106555e+05 0.00000000000000e+00 0.00000000000000e+00 0.00000000000000e+00 1.40503033677142e-01 8.07742999520810e-01 8.02034988262211e+05 0.00000000000000e+00 5.92118946466750e-17 0.00000000000000e+00 9.31322574615479e-11 
5.71272959106555e+05 0.00000000000000e+00 0.00000000000000e+00 0.00000000000000e+00 1.40503033677142e-01 8.07743008284724e-01 8.16324562987347e+05 0.00000000000000e+00 5.92118946466750e-17 0.00000000000000e+00 9.31322574615479e-11 
5.81272959106555e+05 0.00000000000000e+00 0.00000000000000e+00 0.00000000000000e+00 1.40503033677142e-01 8.07743016747097e-01 8.30614137712483e+05 0.00000000000000e+00 0.00000000000000e+00 0.00000000000000e+00 9.31322574615479e-11 
5.91272959106555e+05 0.00000000000000e+00 0.00000000000000e+00 0.00000000000000e+00 1.40503033677142e-01 8.07743024923226e-01 8.44903712437619e+05 0.00000000000000e+00 2.96059473233375e-17 0.00000000000000e+00 9.31322574615479e-11 
6.01272959106555e+05 0.00000000000000e+00 0.00000000000000e+00 0.00000000000000e+00 1.40503033677142e-01 8.07743032827395e-01 8.59193287162754e+05 0.00000000000000e+00 2.96059473233375e-17 0.00000000000000e+00 9.31322574615479e-11 
6.11272959106555e+05 0.00000000000000e+00 0.00000000000000e+00 0.00000000000000e+00 1.40503033677142e-01 8.07743040472951e-01 8.73482861887890e+05 0.00000000000000e+00 2.96059473233375e-17 0.00000000000000e+00 9.31322574615479e-11 
6.21272959106555e+05 0.00000000000000e+00 0.00000000000000e+00 0.00000000000000e+00 1.40503033677142e-01 8.07743047872380e-01 8.87772436613026e+05 0.00000000000000e+00 5.92118946466750e-17 0.00000000000000e+00 9.31322574615479e-11 
6.31272959106555e+05 0.00000000000000e+00 0.00000000000000e+00 0.00000000000000e+00 1.40503033677142e-01 8.07743055037381e-01 9.02062011338161e+05 0.00000000000000e+00 5.92118946466750e-17 0.00000000000000e+00 9.31322574615479e-11 
6.41272959106555e+05 0.00000000000000e+00 0.00000000000000e+00 0.00000000000000e+00 1.40503033677142e-01 8.07743061978921e-01 9.16351586063297e+05 0.00000000000000e+00 5.92118946466750e-17 0.00000000000000e+00 9.31322574615479e-11 
6.51272959106555e+05 0.00000000000000e+00 0.00000000000000e+00 0.00000000000000e+00 1.40503033677142e-01 8.07743068707292e-01 9.30641160788433e+05 0.00000000000000e+00 5.92118946466750e-17 0.00000000000000e+00 9.31322574615479e-11 
6.61272959106555e+05 0.00000000000000e+00 0.00000000000000e+00 0.00000000000000e+00 1.40503033677142e-01 8.07743075232165e-01 9.44930735513568e+05 0.00000000000000e+00 2.96059473233375e-17 0.00000000000000e+00 9.31322574615479e-11 
6.71272959106555e+05 0.00000000000000e+00 0.00000000000000e+00 0.00000000000000e+00 1.40503033677142e-01 8.07743081562635e-01 9.59220310238704e+05 0.00000000000000e+00 2.96059473233375e-17 0.00000000000000e+00 9.31322574615479e-11 
6.81272959106555e+05 0.00000000000000e+00 0.00000000000000e+00 0.00000000000000e+00 1.40503033677142e-01 8.07743087707263e-01 9.73509884963840e+05 0.00000000000000e+00 2.96059473233375e-17 0.00000000000000e+00 9.31322574615479e-11 
6.91272959106555e+05 0.00000000000000e+00 0.00000000000000e+00 0.00000000000000e+00 1.40503033677142e-01 8.07743093674113e-01 9.87799459688975e+05 0.00000000000000e+00 2.96059473233375e-17 0.00000000000000e+00 9.31322574615479e-11 
7.01272959106555e+05 0.00000000000000e+00 0.00000000000000e+00 0.00000000000000e+00 1.40503033677142e-01 8.07743099470791e-01 1.00208903441411e+06 0.00000000000000e+00 2.96059473233375e-17 0.00000000000000e+00 9.31322574615479e-11 
7.11272959106555e+05 0.00000000000000e+00 0.00000000000000e+00 0.00000000000000e+00 1.40503033677142e-01 8.07743105104475e-01 1.01637860913925e+06 0.00000000000000e+00 0.00000000000000e+00 0.00000000000000e+00 9.31322574615479e-11 
7.21272959106555e+05 0.00000000000000e+00 0.00000000000000e+00 0.00000000000000e+00 1.40503033677142e-01 8.07743110581944e-01 1.03066818386438e+06 0.00000000000000e+00 2.96059473233375e-17 0.00000000000000e+00 9.31322574615479e-11 
7.31272959106555e+05 0.00000000000000e+00 0.00000000000000e+00 0.00000000000000e+00 1.40503033677142e-01 8.07743115909607e-01 1.04495775858952e+06 0.00000000000000e+00 2.96059473233375e-17 0.00000000000000e+00 9.31322574615479e-11 
7.41272959106555e+05 0.00000000000000e+00 0.00000000000000e+00 0.00000000000000e+00 1.40503033677142e-01 8.07743121093526e-01 1.05924733331465e+06 0.00000000000000e+00 2.96059473233375e-17 0.00000000000000e+00 0.00000000000000e+00 
7.51272959106555e+05 0.00000000000000e+00 0.00000000000000e+00 0.00000000000000e+00 1.40503033677142e-01 8.07743126139441e-01 1.07353690803979e+06 0.00000000000000e+00 2.96059473233375e-17 0.00000000000000e+00 1.24176343282064e-10 
7.61272959106555e+05 0.00000000000000e+00 0.00000000000000e+00 0.00000000000000e+00 1.40503033677142e-01 8.07743131052791e-01 1.08782648276492e+06 0.00000000000000e+00 2.96059473233375e-17 0.00000000000000e+00 1.24176343282064e-10 
7.71272959106555e+05 0.00000000000000e+00 0.00000000000000e+00 0.00000000000000e+00 1.40503033677142e-01 8.07743135838732e-01 1.10211605749006e+06 0.00000000000000e+00 2.96059473233375e-17 0.00000000000000e+00 0.00000000000000e+00 
7.81272959106555e+05 0.00000000000000e+00 0.00000000000000e+00 0.00000000000000e+00 1.40503033677142e-01 8.07743140502156e-01 1.11640563221520e+06 0.00000000000000e+00 0.00000000000000e+00 0.00000000000000e+00 0.00000000000000e+00 
7.91272959106555e+05 0.00000000000000e+00 0.00000000000000e+00 0.00000000000000e+00 1.40503033677142e-01 8.07743145047709e-01 1.13069520694033e+06 0.00000000000000e+00 8.88178419700125e-17 0.00000000000000e+00 0.00000000000000e+00 
8.01272959106555e+05 0.00000000000000e+00 0.00000000000000e+00 0.00000000000000e+00 1.40503033677142e-01 8.07743149479804e-01 1.14498478166547e+06 0.00000000000000e+00 2.96059473233375e-17 0.00000000000000e+00 6.20881716410319e-11 
8.11272959106555e+05 0.00000000000000e+00 0.00000000000000e+00 0.00000000000000e+00 1.40503033677142e-01 8.07743153802636e-01 1.15927435639060e+06 0.00000000000000e+00 0.00000000000000e+00 0.00000000000000e+00 0.00000000000000e+00 
8.21272959106555e+05 0.00000000000000e+00 0.00000000000000e+00 0.00000000000000e+00 1.40503033677142e-01 8.07743158020196e-01 1.17356393111574e+06 0.00000000000000e+00 2.96059473233375e-17 0.00000000000000e+00 1.24176343282064e-10 
8.31272959106555e+05 0.00000000000000e+00 0.00000000000000e+00 0.00000000000000e+00 1.40503033677142e-01 8.07743162136285e-01 1.18785350584087e+06 0.00000000000000e+00 2.96059473233375e-17 0.00000000000000e+00 0.00000000000000e+00 
8.41272959106555e+05 0.00000000000000e+00 0.00000000000000e+00 0.00000000000000e+00 1.40503033677142e-01 8.07743166154519e-01 1.20214308056601e+06 0.00000000000000e+00 2.96059473233375e-17 0.00000000000000e+00 0.00000000000000e+00 
8.51272959106555e+05 0.00000000000000e+00 0.00000000000000e+00 0.00000000000000e+00 1.40503033677142e-01 8.07743170078348e-01 1.21643265529114e+06 0.00000000000000e+00 2.96059473233375e-17 0.00000000000000e+00 6.20881716410319e-11 
8.61272959106555e+05 0.00000000000000e+00 0.00000000000000e+00 0.00000000000000e+00 1.40503033677142e-01 8.07743173911060e-01 1.23072223001628e+06 0.00000000000000e+00 1.18423789293350e-16 0.00000000000000e+00 6.20881716410319e-11 
8.71272959106555e+05 0.00000000000000e+00 0.00000000000000e+00 0.00000000000000e+00 1.40503033677142e-01 8.07743177655792e-01 1.24501180474142e+06 0.00000000000000e+00 2.96059473233375e-17 0.00000000000000e+00 0.00000000000000e+00 
8.81272959106555e+05 0.00000000000000e+00 0.00000000000000e+00 0.00000000000000e+00 1.40503033677142e-01 8.07743181315540e-01 1.25930137946655e+06 0.00000000000000e+00 2.96059473233375e-17 0.00000000000000e+00 6.20881716410319e-11 
8.91272959106555e+05 0.00000000000000e+00 0.00000000000000e+00 0.00000000000000e+00 1.40503033677142e-01 8.07743184893163e-01 1.27359095419169e+06 0.00000000000000e+00 5.92118946466750e-17 0.00000000000000e+00 0.00000000000000e+00 
9.01272959106555e+05 0.00000000000000e+00 0.00000000000000e+00 0.00000000000000e+00 1.40503033677142e-01 8.07743188391396e-01 1.28788052891682e+06 0.00000000000000e+00 5.92118946466750e-17 0.00000000000000e+00 6.20881716410319e-11 
9.11272959106555e+05 0.00000000000000e+00 0.00000000000000e+00 0.00000000000000e+00 1.40503033677142e-01 8.07743191812853e-01 1.30217010364196e+06 0.00000000000000e+00 2.96059473233375e-17 0.00000000000000e+00 1.24176343282064e-10 
9.21272959106555e+05 0.00000000000000e+00 0.00000000000000e+00 0.00000000000000e+00 1.40503033677142e-01 8.07743195160032e-01 1.31645967836709e+06 0.00000000000000e+00 0.00000000000000e+00 0.00000000000000e+00 0.00000000000000e+00 
9.31272959106555e+05 0.00000000000000e+00 0.00000000000000e+00 0.00000000000000e+00 1.40503033677142e-01 8.07743198435328e-01 1.33074925309223e+06 0.00000000000000e+00 8.88178419700125e-17 0.00000000000000e+00 0.00000000000000e+00 
9.41272959106555e+05 0.00000000000000e+00 0.00000000000000e+00 0.00000000000000e+00 1.40503033677142e-01 8.07743201641031e-01 1.34503882781736e+06 0.00000000000000e+00 2.96059473233375e-17 0.00000000000000e+00 0.00000000000000e+00 
9.51272959106555e+05 0.00000000000000e+00 0.00000000000000e+00 0.00000000000000e+00 1.40503033677142e-01 8.07743204779336e-01 1.35932840254250e+06 0.00000000000000e+00 2.96059473233375e-17 0.00000000000000e+00 1.24176343282064e-10 
9.61272959106555e+05 0.00000000000000e+00 0.00000000000000e+00 0.00000000000000e+00 1.40503033677142e-01 8.07743207852345e-01 1.37361797726764e+06 0.00000000000000e+00 2.96059473233375e-17 0.00000000000000e+00 6.20881716410319e-11 
9.71272959106555e+05 0.00000000000000e+00 0.00000000000000e+00 0.00000000000000e+00 1.40503033677142e-01 8.07743210862077e-01 1.38790755199277e+06 0.00000000000000e+00 2.96059473233375e-17 0.00000000000000e+00 6.20881716410319e-11 
9.81272959106555e+05 0.00000000000000e+00 0.00000000000000e+00 0.00000000000000e+00 1.40503033677142e-01 8.07743213810466e-01 1.40219712671791e+06 0.00000000000000e+00 0.00000000000000e+00 0.00000000000000e+00 0.00000000000000e+00 
9.91272959106555e+05 0.00000000000000e+00 0.00000000000000e+00 0.00000000000000e+00 1.40503033677142e-01 8.07743216699367e-01 1.41648670144304e+06 0.00000000000000e+00 0.00000000000000e+00 0.00000000000000e+00 1.24176343282064e-10 
1.00127295910655e+06 0.00000000000000e+00 0.00000000000000e+00 0.00000000000000e+00 1.40503033677142e-01 8.07743219530564e-01 1.43077627616818e+06 0.00000000000000e+00 0.00000000000000e+00 0.00000000000000e+00 0.00000000000000e+00 
