1 5.64335638253315e+03 8.02619165670916e+03 1.47062717958247e+00
0.7 5.64269933384285e+03 8.01682823567436e+03 1.46567258253900e+00 
0.5 5.63618159585305e+03 8.00056765060739e+03 1.46000493788713e+00
0.3 5.61449009655379e+03 7.96234323201435e+03 1.45016364459396e+00  
0.1 5.51166964369292e+03 7.83035200455787e+03 1.43145830323725e+00 
0.07 5.46538019448226e+03 7.78161798508526e+03 1.42909743685952e+00 
0.05 5.41791277046100e+03 7.73728271178667e+03 1.42985856481186e+00
0.03 5.34698091743602e+03 7.68351651665931e+03 1.43800814103011e+00 
0.01 5.25352350234432e+03 7.85154842098290e+03 1.58184106906734e+00 
0.009 5.29335656978543e+03 7.96900802202146e+03 1.62583674256184e+00 
0.008 5.36964778812452e+03 8.13785235224153e+03 1.67899188246226e+00 
0.007 5.49273901905689e+03 8.37019707781651e+03 1.74261578040378e+00 
0.0065 5.57806571982502e+03 8.51648441154273e+03 1.77859470310910e+00 
0.006 5.68729668388539e+03 8.69038882573532e+03 1.81732842894741e+00 
0.0055 5.82431674910477e+03 8.89455188531166e+03 1.85826080524642e+00 
0.005 5.99356638870706e+03 9.13202841786877e+03 1.90076057061927e+00 
0.0045 6.21200406604653e+03 9.41676616632784e+03 1.94364503472262e+00 
0.004 6.48694525297595e+03 9.75008534167766e+03 1.98370584502411e+00 
0.0035 6.84263052599884e+03 1.01452357127698e+04 2.01524788328790e+00 
0.003 7.30278633249409e+03 1.06064805304095e+04 2.02733150888800e+00 
0.0025 7.90810058329054e+03 1.11407408660244e+04 2.00026694917791e+00 
0.002 8.71071136469964e+03 1.17375395455907e+04 1.89554490247648e+00 
0.0015 9.74653124679236e+03 1.23325558587417e+04 1.64688748395133e+00 
0.001 1.09645176735887e+04 1.27331961669332e+04 1.15197133099388e+00 
9e-4 1.12054855022666e+04 1.27607270578180e+04 1.01810052398178e+00 
8e-4 1.14338338113485e+04 1.27621533114417e+04 8.74055104899912e-01 
7e-4 1.16479307391508e+04 1.27397550145797e+04 7.22185781506887e-01 
6e-4 1.18666078986443e+04 1.27182060071633e+04 5.66210465135880e-01 
5e-4 1.21595995830462e+04 1.27742478167493e+04 4.10745511620772e-01 
4e-4 1.28552190387523e+04 1.32449599983188e+04 2.61730513275081e-01 
3e-4 1.64049203748178e+04 1.65999000023223e+04 1.31533904263472e-01 
